1
1001
1405
12
201730
Robert
1406
11
201810
Jason
1805
11
201810
Robert
1007
12
201730
Yang
1104
10
201810
Jabir
0
1
1002
1902
6
201820
Michael
1010
9
201730
Deaf
1020
9
201810
Deaf
1110
8
201820
Deaf
2010
7
201830
Deaf
0
1
1003
2804
8
201830
Michiel
2402
8
201830
Jason
2401
12
201810
Doron
2507
10
201830
Zahra
2406
12
201910
Nel
0
1
1004
2000
11
201830
Logic
2004
4
201620
Green
2007
7
201230
Taylor
2008
10
201120
Partial
2100
9
201510
Lagrange
0
1
1005
1001
4
201730
Sprott
1002
99
201730
Crish
1003
9
201730
BIB
1004
7
201320
Trump
1402
4
201510
ICT
0
1
1006
1001
10
201330
Preotic
1002
7
201410
kinetics
1003
10
201520
health
1004
12
201020
control
1005
9
201210
Chemistry
0
1
1007
3002
12
201930
Ryan
3101
10
201930
Ryan
3240
10
202010
Ryan
3700
12
202010
Sebastian
4003
12
202020
Sebastian
0
1
1008
2105
12
201830
Ryan
2106
12
201830
Analogue
3003
11
202010
six
3206
12
202010
Ryan
3302
6
201920
Ryan
0
1
1009
1908
12
201830
Anuj
2501
12
201830
Anuj
2507
12
201830
Anuj
3607
12
201930
Anuj
3105
12
201920
Anuj
0
1
1010
1001
10
201730
Nick
1002
8
201730
Nick
1003
5
201730
Anuj
1004
7
201830
Anuj
1007
12
201910
Anuj
0
1
1011
1006
10
201730
Earth
1009
8
201210
Ending
1010
6
201330
origin
2102
2
201030
rock
2104
10
201430
Michael
0
1
1012
1500
11
201230
Justin
2500
10
201310
Justin
3000
8
201320
Justin
3100
5
201330
Justin
4908
0
201410
Done
0
1
1013
1010
8
201210
Mirek
1720
10
201130
Terrisa
1710
8
201120
Mirek
1715
9
201130
Margaret
1720
0
201230
angry
0
1
1014
1107
12
201710
Jackson
1002
10
201730
Jackson
1001
8
201820
Music
1701
9
201730
harmonic
1710
3
201330
Music
0
1
1015
4101
15
201210
Quilt
4102
10
201230
Quilt
4502
6
201320
Anna
4303
6
201730
Anna
4503
7
200530
Margaret
0
0
